0.41 -0.0
0.6599999999999999 14.554935721127517
0.9099999999999999 20.583787496287158
1.16 25.209888169892018
1.41 29.109871442255038
1.66 32.54582568058105
1.91 35.65216575577034
2.16 38.50874026663398
2.41 41.16757499257432
2.66 43.664807163382555
2.91 46.02674807610829
3.16 48.27326063472088
3.41 50.419776339784036
3.66 52.478567053607705
3.91 54.45958275497669
4.16 56.37102365304632
4.41 58.219742884510076
4.66 60.011537352284314
4.91 61.75136248886148
5.16 63.44349393812515
5.41 65.0916513611621
5.66 66.69909467728353
5.91 68.2686998895935
6.16 69.8030195511737
6.41 71.30433151154068
6.66 72.7746786056376
6.91 74.21590126111789
7.16 75.62966450967605
7.41 77.01748053326796
7.66 78.38072761552077
7.91 79.72066617499264
8.16 81.03845241137549
8.41 82.33514998514865
8.66 83.61174006635119
8.91 84.86913002246006
9.16 86.10816096407694
9.41 87.32961432676511
9.66 88.53421763537357
9.91 89.72264957163182
10.16 90.89554444525871
10.41 92.05349615221658
10.66 93.19706169022876
10.91 94.32676429062147
11.16 95.44309621646092
11.41 96.54652126944175
11.66 97.63747704174317
11.91 98.71637694386416
12.16 99.78361203508936
12.41 100.83955267956807
12.66 101.88455004789263
12.91 102.91893748143582
13.16 103.94303173447389
