-1.000000000000000000e+00 0.000000000000000000e+00
-2.000000000000000000e+00 2.346912865872953446e+01
-3.000000000000000000e+00 3.319036004625439062e+01
-4.000000000000000000e+00 4.064972324629037814e+01
-5.000000000000000000e+00 4.693825731745906893e+01
-6.000000000000000000e+00 5.247856705360770491e+01
-7.000000000000000000e+00 5.748738992161672456e+01
-8.000000000000000000e+00 6.209347791837722497e+01
-9.000000000000000000e+00 6.638072009250878125e+01
-1.000000000000000000e+01 7.040738597618860695e+01
-1.100000000000000000e+01 7.421590126111789232e+01
-1.100000000000000000e+01 7.421590126111789232e+01
-1.200000000000000000e+01 7.783829391758274596e+01
